111180
5710
40
0
0
0
0
1810
70
0
2111313122180
511180
520
0
0
33333320
0
0
21720
3370
0
0
0
70
0
0
0
1110
70
0
23122830
282867712525180
525180
5840
0
0
1266640
30
180
5180
610
10
180
550
180
510
0
920
20
60
0
0
121510
1580
10
20
10
15161291231718191920
191920
80
10
0
0
6310
820
180
540
15984310
20
910
46192180
61610
10
161532250
50
55330
0
30
0
30
0
880
40
10
40
10
31210
19180
6180
69131410
580
0
80
0
80
0
80
0
20
0
0
120
0
160
0
21214360
0
0
2143434312345677180
68989180
5180
640
180
526180
744450
0
10
80
30
15150
70
10
10
0
180
7310
310
2410
180
581530
40
0
40
0
40
0
123132427130
10
180
8180
9180
9180
931180
9180
5180
960
45150
180
820
30
180
921712312322324123277777379192430
0
80
30
20
60
20
80
16180
9180
5410
16311810
10
810
10
6650
12180
550
30
180
7180
91810
21570
0
16141515546840
130
20
30
40
50
15420
141422181150
0
50
0
271712360
60
60
121812188618861868186818731886186818731187321886341886
